0 0.79765625 0.87109375 0.2359375 0.2484375
0 0.665625 0.6265625 0.325 0.29375
0 0.5671875 0.85546875 0.159375 0.2796875
0 0.821875 0.47578125 0.196875 0.2890625
0 0.76484375 0.0953125 0.2015625 0.18125
0 0.63125 0.31484375 0.134375 0.2984375
0 0.503125 0.1421875 0.153125 0.275
0 0.37734375 0.43984375 0.1484375 0.2078125
1 0.07890625 0.22734375 0.1515625 0.3640625
5 0.5953125 0.30390625 0.2625 0.4046875
5 0.7390625 0.11328125 0.284375 0.2171875
5 0.77265625 0.4625 0.3171875 0.409375
5 0.45625 0.1671875 0.2625 0.325
5 0.35625 0.06953125 0.125 0.1296875
5 0.2515625 0.05859375 0.146875 0.1078125
5 0.2453125 0.203125 0.159375 0.35625
5 0.36640625 0.44453125 0.2015625 0.2890625
5 0.484375 0.8484375 0.3125 0.29375
5 0.36328125 0.734375 0.1859375 0.315625
5 0.28828125 0.6703125 0.1265625 0.0625