0 0.87109375 0.203125 0.2484375 0.2375
0 0.6265625 0.3359375 0.29375 0.325
0 0.85546875 0.434375 0.2796875 0.159375
0 0.475 0.1796875 0.2875 0.196875
0 0.0953125 0.2359375 0.18125 0.203125
0 0.31484375 0.36875 0.2984375 0.134375
0 0.1421875 0.4984375 0.275 0.153125
0 0.4390625 0.6234375 0.209375 0.146875
1 0.22734375 0.92265625 0.3640625 0.1515625
5 0.30390625 0.4046875 0.4046875 0.2625
5 0.11328125 0.2609375 0.2171875 0.284375
5 0.4625 0.22890625 0.409375 0.3171875
5 0.1671875 0.5453125 0.325 0.2625
5 0.06953125 0.6453125 0.1296875 0.125
5 0.05859375 0.7484375 0.1078125 0.146875
5 0.203125 0.7546875 0.35625 0.159375
5 0.44375 0.63359375 0.2875 0.2015625
5 0.8484375 0.515625 0.29375 0.3125
5 0.734375 0.63671875 0.315625 0.1859375
5 0.6703125 0.7125 0.0625 0.125