0 0.43359375 0.42578125 0.1921875 0.2453125
0 0.60234375 0.33046875 0.1765625 0.2140625
0 0.7671875 0.46015625 0.196875 0.2453125
0 0.88125 0.6171875 0.159375 0.209375
0 0.6 0.56015625 0.19375 0.2359375
0 0.73125 0.6671875 0.15 0.178125
0 0.73671875 0.8359375 0.1453125 0.16875
0 0.5875 0.7859375 0.178125 0.21875
0 0.428125 0.671875 0.2 0.259375
0 0.43046875 0.85546875 0.1828125 0.1296875
0 0.253125 0.79921875 0.2125 0.2453125
0 0.125 0.63515625 0.175 0.2140625
0 0.2765625 0.5328125 0.178125 0.240625
0 0.11875 0.4 0.19375 0.25625
0 0.290625 0.29375 0.19375 0.240625
0 0.4578125 0.2015625 0.178125 0.221875
0 0.6296875 0.109375 0.209375 0.21875
0 0.75234375 0.2515625 0.1515625 0.171875
0 0.31953125 0.090625 0.1578125 0.178125
0 0.1546875 0.14765625 0.178125 0.2140625
0 0.47265625 0.0453125 0.2140625 0.090625