0 0.6296875 0.74140625 0.6875 0.4859375
0 0.28359375 0.22109375 0.5609375 0.4359375
0 0.6421875 0.04296875 0.2125 0.0828125
0 0.759375 0.16015625 0.153125 0.2265625
0 0.896875 0.078125 0.196875 0.15
0 0.7765625 0.31484375 0.328125 0.0765625
0 0.92890625 0.4015625 0.1296875 0.2
0 0.97109375 0.27734375 0.0484375 0.0515625
0 0.11484375 0.52890625 0.1546875 0.0984375
0 0.0765625 0.4109375 0.153125 0.071875
0 0.02109375 0.503125 0.0359375 0.053125
0 0.09296875 0.6140625 0.1421875 0.16875
0 0.1078125 0.77265625 0.115625 0.1421875
0 0.2171875 0.74140625 0.15 0.0578125
0 0.2109375 0.834375 0.2125 0.09375
0 0.25703125 0.9125 0.1734375 0.1
0 0.14765625 0.9734375 0.1203125 0.053125
0 0.065625 0.89140625 0.125 0.1609375