0 0.1421875 0.08046875 0.275 0.1546875
0 0.08984375 0.21015625 0.1703125 0.1828125
0 0.13984375 0.38828125 0.2703125 0.2359375
0 0.02890625 0.51796875 0.0484375 0.1640625
0 0.21171875 0.61171875 0.2484375 0.2046875
0 0.0671875 0.61796875 0.125 0.1640625
0 0.04296875 0.72578125 0.0765625 0.1390625
0 0.0671875 0.79375 0.125 0.128125
0 0.21875 0.771875 0.2125 0.125
0 0.24375 0.90703125 0.209375 0.1828125
0 0.08984375 0.91796875 0.1765625 0.1609375
0 0.48203125 0.8828125 0.2734375 0.1875
0 0.38046875 0.98046875 0.1828125 0.0359375
0 0.43359375 0.71640625 0.2796875 0.2046875
0 0.46953125 0.54140625 0.2890625 0.2234375
0 0.3203125 0.46796875 0.125 0.1640625
0 0.4421875 0.29765625 0.3375 0.2703125
0 0.26640625 0.2265625 0.2015625 0.2125
0 0.503125 0.11484375 0.325 0.1734375
0 0.48515625 0.040625 0.3703125 0.071875
0 0.29296875 0.0671875 0.0921875 0.125
0 0.78125 0.18515625 0.375 0.2703125
0 0.878125 0.11875 0.240625 0.23125
0 0.73046875 0.0203125 0.0671875 0.03125
0 0.99375 0.36171875 0.009375 0.1734375
0 0.98359375 0.271875 0.0296875 0.115625
0 0.76328125 0.4578125 0.4234375 0.35
0 0.78359375 0.66875 0.3421875 0.16875
0 0.5921875 0.640625 0.090625 0.0875
0 0.73515625 0.78984375 0.2640625 0.1828125
0 0.59609375 0.7234375 0.0671875 0.096875
0 0.603125 0.9546875 0.115625 0.0875
0 0.51953125 0.98125 0.0828125 0.034375
0 0.8109375 0.925 0.315625 0.15
0 0.934375 0.83359375 0.128125 0.2390625
0 0.9546875 0.6375 0.0875 0.259375
0 0.98125 0.978125 0.034375 0.040625