0 0.12890625 0.203125 0.2484375 0.2375
0 0.3734375 0.3359375 0.29375 0.325
0 0.14453125 0.434375 0.2796875 0.159375
0 0.525 0.1796875 0.2875 0.196875
0 0.9046875 0.2359375 0.18125 0.203125
0 0.68515625 0.36875 0.2984375 0.134375
0 0.8578125 0.4984375 0.275 0.153125
0 0.5609375 0.6234375 0.209375 0.146875
1 0.77265625 0.92265625 0.3640625 0.1515625
5 0.69609375 0.4046875 0.4046875 0.2625
5 0.88671875 0.2609375 0.2171875 0.284375
5 0.5390625 0.228125 0.409375 0.31875
5 0.8328125 0.5453125 0.325 0.2625
5 0.93046875 0.6453125 0.1296875 0.125
5 0.94140625 0.7484375 0.1078125 0.146875
5 0.796875 0.7546875 0.35625 0.159375
5 0.55703125 0.63359375 0.2890625 0.2015625
5 0.153125 0.515625 0.29375 0.3125
5 0.265625 0.63671875 0.315625 0.1859375
5 0.3296875 0.7125 0.0625 0.125