0 0.43359375 0.42578125 0.1921875 0.2453125
0 0.60234375 0.33046875 0.1765625 0.2140625
0 0.76796875 0.46015625 0.1953125 0.2453125
0 0.88125 0.6171875 0.159375 0.209375
0 0.60078125 0.56015625 0.1953125 0.2359375
0 0.73125 0.6671875 0.15 0.178125
0 0.73671875 0.8359375 0.1453125 0.16875
0 0.5875 0.7859375 0.178125 0.21875
0 0.42890625 0.671875 0.2015625 0.259375
0 0.43046875 0.85546875 0.1828125 0.1296875
0 0.253125 0.79921875 0.2125 0.2453125
0 0.12578125 0.63515625 0.1734375 0.2140625
0 0.2765625 0.5328125 0.178125 0.240625
0 0.11953125 0.40078125 0.1921875 0.2546875
0 0.29140625 0.29375 0.1921875 0.240625
0 0.45859375 0.20234375 0.1765625 0.2234375
0 0.63046875 0.109375 0.2078125 0.21875
0 0.75234375 0.25234375 0.1515625 0.1734375
0 0.31953125 0.090625 0.1578125 0.178125
0 0.1546875 0.14765625 0.178125 0.2140625
0 0.47265625 0.0453125 0.2140625 0.090625