0 0.56640625 0.57421875 0.1921875 0.2453125
0 0.39765625 0.66953125 0.1765625 0.2140625
0 0.2328125 0.53984375 0.196875 0.2453125
0 0.11875 0.384375 0.159375 0.209375
0 0.4 0.43984375 0.19375 0.2359375
0 0.2703125 0.3328125 0.15 0.178125
0 0.26328125 0.165625 0.1453125 0.16875
0 0.4125 0.2140625 0.178125 0.21875
0 0.57265625 0.328125 0.2015625 0.259375
0 0.56953125 0.14453125 0.1828125 0.1296875
0 0.7484375 0.2015625 0.2125 0.246875
0 0.87578125 0.36640625 0.1734375 0.2140625
0 0.7234375 0.4671875 0.178125 0.240625
0 0.88125 0.6 0.19375 0.25625
0 0.709375 0.7078125 0.19375 0.240625
0 0.5421875 0.7984375 0.178125 0.221875
0 0.3703125 0.890625 0.209375 0.21875
0 0.24765625 0.7484375 0.1515625 0.171875
0 0.68203125 0.9109375 0.1578125 0.178125
0 0.846875 0.85390625 0.178125 0.2140625
0 0.52734375 0.9546875 0.2140625 0.090625