0 0.25859375 0.6296875 0.4859375 0.6875
0 0.7796875 0.2828125 0.434375 0.559375
0 0.95703125 0.6421875 0.0828125 0.2125
0 0.83984375 0.759375 0.2265625 0.153125
0 0.921875 0.896875 0.15 0.196875
0 0.68515625 0.7765625 0.0765625 0.328125
0 0.5984375 0.92890625 0.2 0.1296875
0 0.72421875 0.97109375 0.0515625 0.0484375
0 0.47109375 0.11484375 0.0984375 0.1546875
0 0.5890625 0.0765625 0.071875 0.153125
0 0.4984375 0.0203125 0.053125 0.034375
0 0.3859375 0.0921875 0.16875 0.140625
0 0.22734375 0.1078125 0.1421875 0.115625
0 0.25859375 0.2171875 0.0578125 0.15
0 0.165625 0.2109375 0.09375 0.2125
0 0.0875 0.25703125 0.1 0.1734375
0 0.028125 0.14765625 0.053125 0.1203125
0 0.109375 0.065625 0.1625 0.125