2 0.225 0.29296875 0.159375 0.1734375
2 0.10703125 0.33671875 0.0484375 0.0796875
2 0.184375 0.359375 0.025 0.0625
2 0.1703125 0.41015625 0.0625 0.0484375
2 0.23515625 0.365625 0.0484375 0.0625
2 0.10078125 0.4296875 0.0296875 0.053125
2 0.15859375 0.503125 0.0578125 0.0625
2 0.17421875 0.5296875 0.0484375 0.04375
2 0.0671875 0.5296875 0.071875 0.115625
2 0.140625 0.56953125 0.16875 0.1328125
2 0.1609375 0.65859375 0.090625 0.0796875
2 0.1078125 0.6078125 0.053125 0.096875
2 0.21953125 0.7140625 0.0765625 0.04375
2 0.16796875 0.72734375 0.0390625 0.0671875
2 0.1375 0.7625 0.071875 0.075
2 0.24921875 0.66328125 0.0203125 0.0390625
2 0.2421875 0.61640625 0.009375 0.0140625
2 0.30546875 0.6078125 0.0765625 0.0625
2 0.2609375 0.55859375 0.0625 0.0578125
2 0.3171875 0.47421875 0.115625 0.1109375
2 0.38359375 0.32890625 0.1390625 0.2015625
2 0.4609375 0.2796875 0.04375 0.0625
2 0.56015625 0.2890625 0.1296875 0.13125
2 0.528125 0.44296875 0.15 0.1109375
2 0.49140625 0.4453125 0.2703125 0.16875
2 0.4203125 0.5609375 0.29375 0.115625
2 0.69921875 0.28359375 0.1296875 0.1640625
2 0.696875 0.2390625 0.028125 0.0625
2 0.81953125 0.384375 0.3578125 0.253125
2 0.87578125 0.50078125 0.0265625 0.0390625
2 0.7328125 0.4921875 0.125 0.053125
2 0.66796875 0.509375 0.0828125 0.075
2 0.734375 0.5828125 0.1875 0.159375
2 0.6140625 0.5828125 0.128125 0.096875
2 0.584375 0.65390625 0.15 0.0671875
2 0.55703125 0.6875 0.1828125 0.128125
2 0.48046875 0.69375 0.0296875 0.0625
2 0.42421875 0.6640625 0.0828125 0.090625
2 0.3796875 0.72265625 0.0625 0.0484375
2 0.30390625 0.69609375 0.0921875 0.0671875
2 0.225 0.78671875 0.10625 0.0921875
2 0.3328125 0.81328125 0.159375 0.0921875
2 0.38828125 0.79375 0.1078125 0.096875
2 0.48671875 0.7890625 0.1078125 0.075
2 0.45390625 0.84453125 0.0140625 0.0390625
2 0.43359375 0.8953125 0.0484375 0.053125
2 0.39296875 0.93984375 0.0265625 0.0484375
2 0.36171875 0.8640625 0.1015625 0.075
2 0.5171875 0.8734375 0.096875 0.084375
2 0.53828125 0.9359375 0.0203125 0.053125
2 0.634375 0.83359375 0.090625 0.1015625
2 0.64765625 0.778125 0.0671875 0.053125
2 0.5546875 0.73828125 0.134375 0.1015625
2 0.73828125 0.78046875 0.0921875 0.0921875
2 0.70859375 0.7203125 0.0671875 0.04375
2 0.72890625 0.6765625 0.0765625 0.04375
2 0.83359375 0.68515625 0.1390625 0.1109375
2 0.87265625 0.7578125 0.0609375 0.04375
2 0.93359375 0.6296875 0.1203125 0.128125