2 0.70703125 0.225 0.1734375 0.159375
2 0.66328125 0.10703125 0.0796875 0.0484375
2 0.640625 0.184375 0.0625 0.025
2 0.58984375 0.1703125 0.0484375 0.0625
2 0.634375 0.234375 0.0625 0.05
2 0.571875 0.10078125 0.053125 0.0296875
2 0.4984375 0.15859375 0.0625 0.0578125
2 0.471875 0.17421875 0.04375 0.0484375
2 0.471875 0.0671875 0.115625 0.071875
2 0.43125 0.140625 0.13125 0.16875
2 0.34140625 0.1609375 0.0796875 0.090625
2 0.3921875 0.1078125 0.096875 0.053125
2 0.2859375 0.21875 0.04375 0.075
2 0.27265625 0.16796875 0.0671875 0.0390625
2 0.2390625 0.1375 0.075 0.071875
2 0.33671875 0.24921875 0.0390625 0.0203125
2 0.38359375 0.2421875 0.0140625 0.009375
2 0.3921875 0.30546875 0.0625 0.0765625
2 0.4421875 0.2609375 0.059375 0.0625
2 0.5265625 0.3171875 0.109375 0.115625
2 0.67265625 0.38359375 0.2015625 0.1390625
2 0.7203125 0.4609375 0.0625 0.04375
2 0.7125 0.56015625 0.13125 0.1296875
2 0.55859375 0.528125 0.1109375 0.15
2 0.55625 0.490625 0.16875 0.26875
2 0.4390625 0.4203125 0.115625 0.29375
2 0.71640625 0.6984375 0.1640625 0.128125
2 0.7625 0.696875 0.0625 0.028125
2 0.6171875 0.81875 0.253125 0.35625
2 0.5 0.875 0.0375 0.025
2 0.509375 0.7328125 0.053125 0.125
2 0.4921875 0.6671875 0.075 0.084375
2 0.41875 0.734375 0.159375 0.1875
2 0.41875 0.6140625 0.096875 0.128125
2 0.34609375 0.584375 0.0671875 0.15
2 0.3125 0.55625 0.128125 0.18125
2 0.30625 0.4796875 0.0625 0.028125
2 0.3375 0.42421875 0.090625 0.0828125
2 0.27734375 0.3796875 0.0484375 0.0625
2 0.30390625 0.303125 0.0671875 0.09375
2 0.21484375 0.225 0.0921875 0.10625
2 0.18828125 0.3328125 0.0921875 0.159375
2 0.2078125 0.38828125 0.096875 0.1078125
2 0.2125 0.4859375 0.075 0.109375
2 0.15703125 0.45390625 0.0390625 0.0140625
2 0.10625 0.43359375 0.053125 0.0484375
2 0.0609375 0.3921875 0.046875 0.028125
2 0.1375 0.36171875 0.075 0.1015625
2 0.128125 0.5171875 0.084375 0.096875
2 0.0640625 0.5375 0.053125 0.01875
2 0.16796875 0.634375 0.1015625 0.090625
2 0.2234375 0.64765625 0.053125 0.0671875
2 0.26171875 0.5546875 0.1015625 0.134375
2 0.22109375 0.73828125 0.0921875 0.0921875
2 0.2796875 0.7078125 0.04375 0.065625
2 0.3234375 0.728125 0.04375 0.075
2 0.31484375 0.8328125 0.1109375 0.140625
2 0.24375 0.87265625 0.04375 0.0609375
2 0.3703125 0.93359375 0.128125 0.1203125