3 0.81015625 0.0921875 0.3703125 0.178125
3 0.82734375 0.31484375 0.3328125 0.3078125
3 0.9109375 0.434375 0.16875 0.125
3 0.85078125 0.55703125 0.2859375 0.2546875
3 0.63125 0.68046875 0.346875 0.2328125
3 0.821875 0.82421875 0.346875 0.2765625
3 0.62890625 0.884375 0.7328125 0.228125
3 0.3609375 0.7328125 0.3875 0.321875
3 0.21484375 0.621875 0.4046875 0.178125
3 0.13671875 0.7484375 0.1546875 0.16875
3 0.25703125 0.91015625 0.3328125 0.1765625
3 0.0765625 0.90546875 0.146875 0.1859375
3 0.05234375 0.76796875 0.0984375 0.1234375
3 0.0984375 0.57421875 0.196875 0.1734375
3 0.12109375 0.36640625 0.2359375 0.2140625
3 0.4703125 0.0609375 0.16875 0.115625
3 0.5140625 0.0296875 0.125 0.053125
3 0.61328125 0.08046875 0.2140625 0.1546875
3 0.56328125 0.24921875 0.2703125 0.1828125
3 0.44375 0.15703125 0.125 0.0671875
3 0.31875 0.1234375 0.23125 0.10625
3 0.29921875 0.04296875 0.2140625 0.0765625
3 0.33671875 0.25390625 0.2078125 0.1546875
3 0.45234375 0.3890625 0.2859375 0.159375
3 0.69453125 0.51015625 0.2453125 0.1140625
3 0.3953125 0.47109375 0.315625 0.1640625
3 0.12265625 0.1296875 0.1609375 0.096875
3 0.2078125 0.30859375 0.10625 0.1640625
3 0.20859375 0.21953125 0.0953125 0.1453125
3 0.0359375 0.190625 0.071875 0.134375
3 0.1015625 0.07734375 0.190625 0.1015625
3 0.1171875 0.01796875 0.15 0.0296875
3 0.49765625 0.50234375 0.9953125 0.9953125