3 0.909375 0.18984375 0.178125 0.3703125
3 0.6859375 0.1734375 0.309375 0.334375
3 0.5671875 0.0890625 0.125 0.16875
3 0.44453125 0.14921875 0.2546875 0.2859375
3 0.31953125 0.36875 0.2328125 0.346875
3 0.17578125 0.1796875 0.2765625 0.346875
3 0.1171875 0.37109375 0.228125 0.7328125
3 0.26875 0.6390625 0.321875 0.3875
3 0.3796875 0.7859375 0.178125 0.403125
3 0.2515625 0.86328125 0.16875 0.1546875
3 0.08984375 0.74296875 0.1765625 0.3328125
3 0.0953125 0.925 0.184375 0.146875
3 0.23203125 0.94921875 0.1234375 0.0984375
3 0.4265625 0.9015625 0.171875 0.196875
3 0.63359375 0.8796875 0.2140625 0.234375
3 0.9390625 0.5296875 0.115625 0.16875
3 0.9703125 0.4859375 0.053125 0.125
3 0.91953125 0.38671875 0.1546875 0.2140625
3 0.75234375 0.43828125 0.1828125 0.2703125
3 0.84375 0.55625 0.06875 0.125
3 0.8765625 0.68125 0.10625 0.23125
3 0.9578125 0.7015625 0.078125 0.215625
3 0.74609375 0.66328125 0.1546875 0.2078125
3 0.6109375 0.5484375 0.159375 0.284375
3 0.490625 0.30625 0.1125 0.24375
3 0.52890625 0.6046875 0.1640625 0.315625
3 0.871875 0.87734375 0.096875 0.1609375
3 0.69140625 0.7921875 0.1640625 0.10625
3 0.78125 0.7921875 0.14375 0.096875
3 0.8109375 0.9640625 0.134375 0.071875
3 0.9234375 0.9 0.103125 0.190625
3 0.98203125 0.884375 0.0296875 0.15
3 0.4984375 0.50234375 0.996875 0.9953125