3 0.15703125 0.8734375 0.3078125 0.240625
3 0.4875 0.8796875 0.353125 0.228125
3 0.82734375 0.8734375 0.3421875 0.24375
3 0.5015625 0.68125 0.34375 0.240625
3 0.16796875 0.65546875 0.3328125 0.2453125
3 0.19609375 0.46015625 0.3171875 0.2515625
3 0.0203125 0.47109375 0.03125 0.2640625
3 0.190625 0.27265625 0.3125 0.2515625
3 0.1890625 0.1109375 0.303125 0.2125
3 0.525 0.10859375 0.290625 0.1921875
3 0.81953125 0.11640625 0.2984375 0.2265625
3 0.98515625 0.29921875 0.0265625 0.2046875
3 0.82421875 0.28359375 0.3203125 0.2640625
3 0.840625 0.475 0.315625 0.246875
3 0.83984375 0.67734375 0.3171875 0.2421875
3 0.52265625 0.48828125 0.3328125 0.2640625
3 0.50390625 0.284375 0.3078125 0.240625