3 0.84375 0.8734375 0.30625 0.240625
3 0.5140625 0.8796875 0.353125 0.228125
3 0.1734375 0.8734375 0.340625 0.24375
3 0.4984375 0.68125 0.34375 0.240625
3 0.83203125 0.6546875 0.3328125 0.246875
3 0.80390625 0.46015625 0.3171875 0.2515625
3 0.98125 0.47109375 0.03125 0.2640625
3 0.8109375 0.27265625 0.3125 0.2515625
3 0.8109375 0.1109375 0.303125 0.2125
3 0.475 0.1078125 0.290625 0.190625
3 0.18046875 0.11640625 0.2984375 0.2265625
3 0.01640625 0.29921875 0.0265625 0.2046875
3 0.1765625 0.28359375 0.321875 0.2640625
3 0.1609375 0.475 0.315625 0.246875
3 0.16171875 0.67734375 0.3171875 0.2421875
3 0.478125 0.48828125 0.33125 0.2640625
3 0.49609375 0.284375 0.3078125 0.240625