3 0.15625 0.1265625 0.30625 0.240625
3 0.4875 0.1203125 0.353125 0.228125
3 0.82734375 0.1265625 0.3421875 0.24375
3 0.5015625 0.31875 0.34375 0.240625
3 0.16796875 0.3453125 0.3328125 0.246875
3 0.19609375 0.54140625 0.3171875 0.2515625
3 0.0203125 0.52890625 0.03125 0.2640625
3 0.190625 0.728125 0.3125 0.25
3 0.1890625 0.8890625 0.303125 0.2125
3 0.525 0.89296875 0.290625 0.1921875
3 0.81953125 0.88515625 0.2984375 0.2265625
3 0.98515625 0.70078125 0.0265625 0.2046875
3 0.82421875 0.71640625 0.3203125 0.2640625
3 0.840625 0.525 0.315625 0.246875
3 0.8390625 0.32421875 0.315625 0.2421875
3 0.52265625 0.51171875 0.3328125 0.2640625
3 0.50390625 0.7171875 0.3078125 0.240625