3 0.81015625 0.909375 0.3703125 0.178125
3 0.8265625 0.6859375 0.334375 0.309375
3 0.9109375 0.5671875 0.16875 0.125
3 0.85078125 0.44375 0.2859375 0.25625
3 0.63125 0.31953125 0.346875 0.2328125
3 0.821875 0.17578125 0.346875 0.2765625
3 0.62890625 0.1171875 0.7328125 0.228125
3 0.3609375 0.26875 0.3875 0.321875
3 0.2140625 0.3796875 0.403125 0.178125
3 0.13671875 0.2515625 0.1546875 0.16875
3 0.25703125 0.08984375 0.3328125 0.1765625
3 0.0765625 0.0953125 0.146875 0.184375
3 0.05234375 0.23203125 0.0984375 0.1234375
3 0.0984375 0.4265625 0.196875 0.171875
3 0.12109375 0.63359375 0.2359375 0.2140625
3 0.4703125 0.9390625 0.16875 0.115625
3 0.5140625 0.9703125 0.125 0.053125
3 0.61328125 0.91953125 0.2140625 0.1546875
3 0.5625 0.7515625 0.26875 0.184375
3 0.44375 0.84375 0.125 0.06875
3 0.31875 0.8765625 0.23125 0.10625
3 0.2984375 0.9578125 0.215625 0.078125
3 0.33671875 0.74609375 0.2078125 0.1546875
3 0.45234375 0.6109375 0.2859375 0.159375
3 0.69375 0.490625 0.24375 0.1125
3 0.3953125 0.52890625 0.315625 0.1640625
3 0.12265625 0.871875 0.1609375 0.096875
3 0.2078125 0.69140625 0.10625 0.1640625
3 0.2078125 0.78125 0.096875 0.14375
3 0.0359375 0.8109375 0.071875 0.134375
3 0.1015625 0.9234375 0.190625 0.103125
3 0.1171875 0.98203125 0.15 0.0296875
3 0.49765625 0.49921875 0.9953125 0.9953125