5 0.8796875 0.6265625 0.1875 0.471875
5 0.76953125 0.6921875 0.0890625 0.325
5 0.678125 0.6890625 0.1 0.3375
5 0.68125 0.5421875 0.0625 0.034375
5 0.7640625 0.540625 0.04375 0.03125
5 0.8734375 0.4140625 0.084375 0.04375
5 0.53125 0.30625 0.09375 0.053125
5 0.6359375 0.0578125 0.10625 0.0625
5 0.2984375 0.1390625 0.125 0.071875
5 0.146875 0.30390625 0.096875 0.0671875
5 0.33984375 0.33046875 0.0671875 0.0484375
5 0.63828125 0.41328125 0.3515625 0.7640625
5 0.55625 0.5625 0.284375 0.571875
5 0.3421875 0.578125 0.159375 0.54375
5 0.1546875 0.56875 0.25 0.5875
5 0.321875 0.2890625 0.271875 0.35625