5 0.1203125 0.37421875 0.1875 0.4703125
5 0.23046875 0.309375 0.0890625 0.325
5 0.32265625 0.3109375 0.1015625 0.3375
5 0.3203125 0.45859375 0.0625 0.0359375
5 0.2359375 0.4609375 0.04375 0.03125
5 0.1265625 0.5875 0.084375 0.04375
5 0.46875 0.69375 0.09375 0.053125
5 0.3640625 0.9421875 0.10625 0.0625
5 0.7015625 0.8625 0.125 0.071875
5 0.853125 0.69609375 0.096875 0.0671875
5 0.66015625 0.66953125 0.0671875 0.0484375
5 0.36171875 0.58671875 0.3515625 0.7640625
5 0.4453125 0.4375 0.284375 0.571875
5 0.6578125 0.421875 0.159375 0.54375
5 0.8453125 0.43125 0.25 0.5875
5 0.678125 0.7125 0.271875 0.35625