5 0.6265625 0.1203125 0.471875 0.1875
5 0.6921875 0.23046875 0.325 0.0890625
5 0.6890625 0.321875 0.3375 0.1
5 0.5421875 0.3203125 0.034375 0.0625
5 0.540625 0.2359375 0.03125 0.04375
5 0.4140625 0.1265625 0.04375 0.084375
5 0.30625 0.46875 0.053125 0.09375
5 0.0578125 0.3640625 0.0625 0.10625
5 0.1390625 0.7015625 0.071875 0.125
5 0.30390625 0.853125 0.0671875 0.096875
5 0.33046875 0.66015625 0.0484375 0.0671875
5 0.41328125 0.36171875 0.7640625 0.3515625
5 0.5625 0.4453125 0.571875 0.284375
5 0.578125 0.6578125 0.54375 0.159375
5 0.56875 0.8453125 0.5875 0.25
5 0.2890625 0.678125 0.35625 0.271875