5 0.49609375 0.15390625 0.5390625 0.3015625
5 0.19140625 0.4359375 0.2171875 0.15625
5 0.6359375 0.28359375 0.584375 0.5578125
5 0.2046875 0.259375 0.240625 0.509375
5 0.2 0.571875 0.221875 0.428125
5 0.13828125 0.8046875 0.1015625 0.146875
5 0.32421875 0.82734375 0.4765625 0.3421875
5 0.3875 0.58515625 0.3125 0.2734375
5 0.6390625 0.875 0.43125 0.24375
5 0.728125 0.82421875 0.325 0.3484375
5 0.8734375 0.2796875 0.125 0.134375
5 0.9625 0.3125 0.071875 0.10625
5 0.8171875 0.55390625 0.359375 0.4453125
5 0.9640625 0.13203125 0.065625 0.2546875
5 0.8953125 0.87109375 0.209375 0.2546875
5 0.5359375 0.4984375 0.928125 0.996875