5 0.6546875 0.190625 0.075 0.10625
5 0.678125 0.09140625 0.090625 0.1203125
5 0.7703125 0.08203125 0.09375 0.1203125
5 0.859375 0.1046875 0.0875 0.10625
5 0.9453125 0.11171875 0.09375 0.1015625
5 0.89296875 0.22890625 0.0921875 0.1203125
5 0.8125 0.221875 0.075 0.10625
5 0.73515625 0.21953125 0.0765625 0.1015625
5 0.21015625 0.51875 0.1921875 0.659375
5 0.0875 0.59140625 0.13125 0.6453125
5 0.18359375 0.853125 0.1109375 0.23125
5 0.27265625 0.7953125 0.1140625 0.25
5 0.3875 0.525 0.15 0.675
5 0.540625 0.54375 0.16875 0.659375
5 0.43984375 0.80390625 0.1140625 0.2390625
5 0.35078125 0.87890625 0.1109375 0.2234375
5 0.515625 0.8765625 0.1125 0.209375
5 0.62109375 0.6234375 0.1109375 0.621875