5 0.8203125 0.4 0.10625 0.565625
5 0.7359375 0.27734375 0.075 0.3953125
5 0.6625 0.18828125 0.071875 0.2890625
5 0.53359375 0.15703125 0.1390625 0.2171875
5 0.39375 0.2015625 0.065625 0.0875
5 0.3921875 0.13828125 0.125 0.2015625
5 0.3140625 0.290625 0.09375 0.446875
5 0.2046875 0.48828125 0.15625 0.7796875
5 0.27734375 0.5890625 0.1296875 0.75
5 0.371875 0.4828125 0.134375 0.790625
5 0.46484375 0.521875 0.0390625 0.071875
5 0.4671875 0.33828125 0.084375 0.4421875
5 0.440625 0.59921875 0.134375 0.7171875
5 0.5265625 0.53203125 0.125 0.7078125
5 0.60625 0.55859375 0.125 0.7984375
5 0.60859375 0.3125 0.0828125 0.478125
5 0.684375 0.43984375 0.10625 0.6328125
5 0.76484375 0.534375 0.1390625 0.846875