5 0.6015625 0.8203125 0.565625 0.10625
5 0.7234375 0.7359375 0.396875 0.075
5 0.8125 0.6625 0.2875 0.071875
5 0.84375 0.53359375 0.21875 0.1390625
5 0.7984375 0.39375 0.0875 0.065625
5 0.86171875 0.3921875 0.2015625 0.125
5 0.709375 0.3140625 0.446875 0.09375
5 0.51171875 0.2046875 0.7796875 0.15625
5 0.4109375 0.2765625 0.75 0.128125
5 0.51875 0.371875 0.790625 0.134375
5 0.478125 0.4640625 0.071875 0.040625
5 0.66328125 0.4671875 0.4421875 0.084375
5 0.4015625 0.440625 0.715625 0.134375
5 0.46875 0.5265625 0.70625 0.125
5 0.4421875 0.60625 0.796875 0.125
5 0.6875 0.6078125 0.478125 0.084375
5 0.5609375 0.684375 0.634375 0.10625
5 0.4671875 0.7640625 0.846875 0.140625