5 0.6546875 0.8109375 0.075 0.10625
5 0.678125 0.90859375 0.090625 0.1203125
5 0.7703125 0.91796875 0.09375 0.1203125
5 0.859375 0.8953125 0.0875 0.10625
5 0.9453125 0.88828125 0.09375 0.1015625
5 0.89296875 0.77265625 0.0921875 0.1203125
5 0.81328125 0.7796875 0.0765625 0.10625
5 0.73515625 0.78203125 0.0765625 0.1015625
5 0.21015625 0.4828125 0.1921875 0.659375
5 0.0875 0.40859375 0.13125 0.6453125
5 0.18359375 0.14765625 0.1109375 0.2328125
5 0.27265625 0.20625 0.1140625 0.25
5 0.3875 0.47578125 0.15 0.6765625
5 0.540625 0.4578125 0.16875 0.659375
5 0.43984375 0.19609375 0.1140625 0.2390625
5 0.35078125 0.12109375 0.1109375 0.2234375
5 0.51640625 0.12421875 0.1109375 0.2078125
5 0.62109375 0.37734375 0.1109375 0.6203125