5 0.8203125 0.6015625 0.10625 0.565625
5 0.7359375 0.72421875 0.075 0.3953125
5 0.6625 0.81328125 0.071875 0.2890625
5 0.53359375 0.84453125 0.1390625 0.2171875
5 0.39375 0.7984375 0.065625 0.0875
5 0.3921875 0.86171875 0.125 0.2015625
5 0.3140625 0.709375 0.09375 0.446875
5 0.2046875 0.51171875 0.15625 0.7796875
5 0.27734375 0.4109375 0.1296875 0.75
5 0.371875 0.51875 0.134375 0.790625
5 0.4640625 0.478125 0.040625 0.071875
5 0.4671875 0.6625 0.084375 0.44375
5 0.440625 0.4015625 0.134375 0.715625
5 0.5265625 0.46953125 0.125 0.7078125
5 0.60625 0.4421875 0.125 0.796875
5 0.6078125 0.6875 0.084375 0.478125
5 0.684375 0.5609375 0.10625 0.634375
5 0.7640625 0.4671875 0.140625 0.846875