5 0.8109375 0.346875 0.10625 0.075
5 0.90859375 0.321875 0.1203125 0.090625
5 0.91796875 0.23125 0.1203125 0.09375
5 0.8953125 0.140625 0.10625 0.0875
5 0.88828125 0.05625 0.1015625 0.09375
5 0.771875 0.10703125 0.11875 0.0921875
5 0.7796875 0.1875 0.10625 0.075
5 0.78125 0.265625 0.1 0.075
5 0.4828125 0.79140625 0.659375 0.1921875
5 0.40859375 0.9140625 0.6453125 0.13125
5 0.146875 0.81640625 0.23125 0.1109375
5 0.20625 0.72890625 0.25 0.1140625
5 0.475 0.6140625 0.675 0.15
5 0.4578125 0.459375 0.659375 0.16875
5 0.19609375 0.56015625 0.2390625 0.1140625
5 0.12109375 0.64921875 0.2234375 0.1109375
5 0.12421875 0.48515625 0.2078125 0.1109375
5 0.3765625 0.37890625 0.621875 0.1109375