5 0.84609375 0.4953125 0.3015625 0.540625
5 0.565625 0.19140625 0.15625 0.2171875
5 0.71640625 0.6359375 0.5578125 0.584375
5 0.7421875 0.2046875 0.509375 0.240625
5 0.428125 0.2 0.428125 0.221875
5 0.196875 0.13828125 0.146875 0.1015625
5 0.17421875 0.32421875 0.3421875 0.4765625
5 0.41484375 0.3875 0.2734375 0.3125
5 0.125 0.6390625 0.24375 0.43125
5 0.1765625 0.728125 0.346875 0.325
5 0.7203125 0.8734375 0.134375 0.125
5 0.6875 0.9625 0.10625 0.071875
5 0.44609375 0.8171875 0.4453125 0.359375
5 0.86796875 0.96484375 0.2546875 0.0671875
5 0.13046875 0.8953125 0.2546875 0.209375
5 0.5015625 0.5359375 0.996875 0.928125